global earth
%% 基本地球参数
earth.mue=3.986004356e14;
earth.ae=6378136.6;